184192311111
235435906681
751439093191
389372502111
535602056331
233670269231
432238450741
906182645701
111320913891
459746720251
280236950781
504330844531
452281856181
610413580761
536146002791
282675481911
231321053331
894725712731
322048296161
992419750791
198912326791
291785488841
262042393791
803640064251
560123588871
889929406991
886754861611
404787648851
347067889701
933526456791
230418664591
934501858641
472471405961
623110398091
832465430081
287697404621
385977667501
316502948391
316171100471
830910248771
412312713121
754641653341
802228255201
124237700591
110542345491
682904826331
201528400921
962324504141
749944427511
162430930321
972408714511
139776689021
451527908051
974632470841
349909561601
376891376811
599422643451
271423116601
997196230491
121102562011
410418794471
264297782661
439904806811
304475649031
385071079421
329334933601
879941234351
371543004111
510635521331
252555205301
472041984321
469382704131
683374513271
677953638841
493763696471
292092716421
797386625431
404148505731
321655462252
861974230542
366476438371
629443391122
270648058411
591787737621
820904967631
519342363771
973013205571
949191187661
782945077011
604670905431
792352797721
491005191701
247208827171
703316948931
444261437671
537522070921
322505747641
371127940891
317212858681
868671908861
275838336311
179962768301
182961692881
711375381421
688856674391
440817463611
499405209211
196472445102
716767051852
554161363542
802150307951
390743939891
237565248891
580863008191
234956452761
391578735061
386192813801
825856895882
955468654642
364750183412
429059666851
623991691521
398741366831
203328221441
955492775931
498935105321
839065733211
767699151091
253041497591
410853779691
622041232801
424129478711
465132230821
421714678211
611283385021
911835614841
214593216111
940504743041
150252133671
322455077951
875762718891
712268174511
433294095161
707533018771
932469469581
812809333141
392669577981
934417504581
904372905381
518371860561
851935581271
703666479871
204827024571
967582885311
606316974811
507404918002
687478792491
370804345641
590105096191
156562759411
512775140831
405180270471
733625804691
626920989991
642481170492
891763673521
172929490481
421809503331
675350235601
497518207171
950443489211
145549967291
358489235661
214567385131
159506580461
616361350141
217526635221
453311978081
577460357971
429967356911
506677466841
862059481281
290075536291
386693637601
731648938501
224524049801
293227616451
522422586791
699265501501
498709057661
361089625261
665647505651
969545047491
266283316751
595917039661
386983851571
952155242901
897907683241
779335641141
422689684482
162716120802
247626612951
959240012121
282508245641
623199882241
476409621302
973439725171
209151887341
349439133061
378547479471
544427035211
573397771601
852784290591
558033171531
926257223251
588593891861
492626569451
119668404071
616404372281
117710323291
935636197011
777919550921
819268955541
941431627341
963878859321
486356321791
566511501781
339866080391
770547688031
778223762271
523014704201
174589771491
697749020561
110911067781
457608932351
277160572111
385466469681
372392499501
947555074451
643020304491
460081147171
898655460191
765367437641
988044408131
486658733611
644729010471
460634899901
941918464751
360418669881
673732889901
957011738111
335373476091
158095784161
395879654761
333757409851
613571596231
775004598781
527407526472
463147586201
435331796781
705520128171
619297454641
508689836611
356234643881
127860736571
689344579761
202178795731
513255752831
633713664461
785910543781
152037829591
344963567681
931063625861
659021217551
282492077271
499473900131
827150229571
398522092221
723061385671
813816245111
433234998611
969079481461
893082825091
675373943631
159412136781
697501496121
481534974152
620351576561
758001667921
586351089491
234796209551
576208040462
879393105262
341138552651
564225595341
766347553691
456036232841
845427970851
781722081591
657629844921
758076668451
573693594591
958950630241
630186742011
944313682511
409141661571
305642339531
250850627101
408627299121
203007135541
783346291141
661378185811
304479601461
566436710491
723805860351
563118778531
525375821551
806287534141
989063214061
619462888811
416777362371
867268564351
276907949081
374807640561
439586062041
730603650031
423806250081
940892555051
689382664581
599148938491
713442458681
691946727521
397248077411
716884279491
923702007491
284803823131
863756072011
644952838161
187944548511
245157994881
603750873021
993746988321
129928327621
719910490861
621167158472
770730547271
925656281561
270866089941
672086665611
807318490311
243617239531
803952121951
719412007141
569332299441
942484020981
357593833531
374766239811
781890400901
682870122321
386004615371
152734959651
878379342391
254136351261
716762582031
930694745202
685631100642
426917887171
286358754301
749597415942
195961065111
591379716041
158368542511
465076865181
114694754381
438189919111
331593634851
619051871501
821873240252
654067577652
436310296892
483165236181
351960675271
667310673411
103821689841
732171248971
811335227821
912038756541
797494070041
999585887431
348083660661
971095067191
685461404601
216164246741
367626537001
231602173951
951968650991
601918459361
132367323751
109041635841
918460089031
112690070221
930465646371
808420565121
502544169511
997946873311
513371934601
589534340621
115155412731
693742424991
606175602711
489228128541
318670572821
797241714871
236262193681
401187305141
566172446231
425901580931
684963934011
785826087671
954539271871
728204200531
471812405211
788008647511
108621217211
449250941401
450404873911
981132707541
743062755541
369535791861
842571066091
779019917401
176468332631
534885546031
693130509231
592499833701
134473952111
522434277361
546576879431
267662798171
261962936471
400196406331
377890541681
493832658371
826441758661
340540350461
673845003991
265117453731
603323243721
772105134601
457557765031
556338604871
453031571371
271141637121
853763268841
586393062581
413155981391
633779965331
968485870312
616235274782
680599765102
782057300192
655703704082
184093746992
957838398012
864153715362
244109976392
992159030262
449144913992
120251090242
565702089432
470697838042
304712439242
746548806082
991056683281
546811797511
510268303421
950760796791
176174361041
844987914441
167382710471
673559070391
868818035631
551386996491
299199529801
834718405731
820163066811
495826222611
614411276801
619895519581
902551230121
327339477631
313363974501
484627541581
400457496641
643498228481
791207721801
180802084481
326624648121
327005871942
668213385491
402002854821
158371406791
801433394691
676659315661
515124100322
586059839741
156869661561
447527728872
791138667971
103451948261
540073998771
964308297461
630272559431
345179501101
146595675591
264192414121
916442383321
401005398021
197697424331
221549024151
862511031591
286050861591
781474436171
102566065321
718763776641
657618363261
439517470751
923217511181
447896226221
875146661951
315457624451
611864634591
487774439421
579877558571
377907319291
960894905661
311301206221
514471014991
297599993582
191716263011
582555043621
920517918131
310408244751
842121235191
218017790821
193283587691
537895843891
917648101381
408990984441
717741787051
439922184631
898080219251
912251022061
716379104401
820316885781
671657116831
439786029051
494320156391
162703077971
527186524171
264934319991
313722360151
444930842091
787031376041
535129937331
656441562611
182907990921
355622466121
597059855981
900942792501
709033081111
175576386611
636503800881
991788040261
696562766261
557296471281
619682121761
536637806401
923149085451
974984662521
964909312971
616223506281
547354810471
977936206891
913580887201
368658959081
727362815811
259319327551
118300361841
644154101151
741963061914
847293408901
199810200171
386077884051
493715614981
148356337961
622127719751
837424263921
734352526561
705887617441
967420859621
919971052611
166406805011
924261292361
978965349421
191672086322
684958056031
427543376551
294179533901
750193432361
369720060421
219403086301
618435030111
764272106411
182514353051
255608565531
922553464171
205700320552
302292214471
384695709951
753177242701
798761902341
841111586161
779895465201
987439573601
305919504251
270342628681
670811843001
194064214351
121115705391
599749383021
871904955071
645081651421
156702833871
335902903351
229061250401
267114196972
290470463602
673470386012
513590193302
575465123042
506952554112
230059768172
115952278282
194235565072
546895563212
276250556612
292437958952
347137114252
724833918292
717674358812
491447084872
119670985492
827045717522
108104223822
618096413412
463825996152
468731295592
532776604802
607555442212
280224916322
103445364712
228995082902
229641122172
980669824742
196382642412
886329134722
387615647972
696793530342
202749742312
673804784072
671037208012
402046510432
129302172012
582218053612
955242568182
989137590272
805446863782
988392594452
672883860762
459690922832
712174505792
706344455552
677517505712
721333586252
578925623272
437385085282
842591059412
375983129872
836017725432
351445373342
726928867152
416976392222
319017090982
934487829732
149639587262
461390987712
849072194902
812470366112
438638823992
814906837562
615833808092
902027757252
978580655872
884085439532
284475760562
360441787622
250881327802
208147790402
422409711652
451288870632
129837849202
894062928122
910839238212
747241574352
100091900772
373238329432
631134871582
807739446192
903403394802
233583092652
700516859172
314842846692
650839314262
793980750162
107078792042
395241053512
155691460582
474459411642
832777374472
598632798062
725493629072
857816516822
643849150102
738367544132
830680532152
257670174432
386828634162
214273722452
914792595912
134752785432
178218725312
619853230112
812424832682
668527137362
282950444922
136110232932
218895799532
699693780402
712406763392
781017753862
343685578912
294474233702
680505873062
644415847722
983789375542
245510717452
178059259862
482955769442
836874244272
553472533472
821574356632
846601028072
634699328692
204774895452
144608390052
355860460322
649018422102
761906873422
425613918402
434105746402
193936118382
521664033132
753335320082
463680381992
982046657882
812016586962
645346829312
528816005652
669095703592
891426304342
942271673432
408125905062
465940375982
909607886082
268678005772
997333718102
838509335762
702432369522
583450312752
824143712592
197748783342
669033714412
605375922492
982743002742
928450469012
518722197412
149079638112
478027374162
340881711022
574977455432
287413232562
544557393982
120359517782
965211006832
745169529452
100618990132
241136884112
222123852342
981205117602
643063086182
203933270452
666690425212
398167481832
268907816402
952102656742
813248594602
720925756832
744204486782
590537870372
519460815602
404434168882
680078766352
226761223312
195553244462
285250264612
417561686132
691109126892
729297097952
316315314132
419377487872
786273863072
669352532032
901547748822
887661041482
719720660422
722929803872
581399377202
625075521142
717682998492
880258983492
940567492332
211464396152
502340413742
326947358612
330778248202
843759898802
892263084332
812676679592
240254671022
140933854212
143069756672
619288079992
340585944842
168504065122
656266448602
300247556852
810776951762
972156069652
346263174682
186218920042
475076338382
672486401152
607013895632
545518430002
397147445452
208007506502
523677490082
751508147512
704507608902
605295929542
515396546242
232421538002
727950981122
539886763712
685166267172
404538837462
165484422782
825991590212
731247387492
221211526832
594684573362
797473463742
356049195392
390067938742
901872977422
620994368792
929461994992
858503524212
900606666752
283321839902
659951404322
184364693032
636025440862
559016251472
358166579072
611685338012
616864985772
551880992212
582981897522
739017123882
123348408872
179679139602
768455095482
473895123472
778112971582
529933539302
456027076772
195072917702
905140861352
115921185332
538250451942
426555577672
175783110242
699733199682
348517872772
384134542122
200713473702
374959985102
777261684132
109808871812
258570790842
653868256962
994189494562
240950423462
249728966922
793963145552
508978224182
654317004012
449786148102
884456880202
602849128872
651658560162
642273489152
757791202602
530369748702
668263072482
240420442182
933425988642
680820219792
972441588342
585980454912
892015710072
713782274542
921555031912
256790839222
764939367272
394420614992
397088785642
183063737392
854100922072
668522694232
505683158812
121483976672
557212000312
642309578522
812194787092
616509303062
920616677192
164142624542
259526471712
922025620982
631385145792
509130694182
406543857532
678812780232
793211613532
417148116692
914596548082
900023762492
412879080062
584591108212
178274663232
301456870662
725901977952
414584167112
462186608542
904557976682
125882195732
612999432822
299412605062
436537499872
852676600672
923200342942
324890951152
580555922172
863966650272
631972965512
144603286182
270422112982
471349897312
308782921582
949965481382
161575869942
835605570932
591449428452
472622341712
912376495712
211932303452
704783887912
938572738412
362912669742
771482232642
471546308932
228357653242
960914924912
583557580052
244127606152
728671875772
127934341772
711737007282
144739854802
953785926932
222972456912
303716684412
465180276272
179757543572
437399425102
245209168862
920908704702
635211532652
669489805152
135163908882
457164965612
420304874152
163108277282
626185127102
785888198922
200696533212
397968014842
775163667292
898758306812
766255802332
365317301872
151727714672
287252954392
120064538512
698109701262
620505035152
623570029102
784859602182
233268646332
465896231742
868122052622
598500343912
823470464042
469764068502
242761135942
752307806912
196401409012
311151535452
501661356402
992684927402
598765788922
516876996042
560040347872
276906010962
921269358972
110785833012
392153445632
930288076312
806841131712
984394563612
103062249202
812278756702
367110308412
135512708762
300348646392
125949552522
627397448502
323189356102
765903155012
310775406082
592826296602
800502593462
518686044112
262485906022
995735706862
721777495772
908501942872
724180528762
104398521182
372246206662
208524749442
833987628512
839587403962
644005152012
768356199592
505811653002
805746129862
908761222782
895452058372
472939800622
494778304172
346165370812
411656867272
235319968002
539066639942
707729537542
601267740522
992267223502
194716967512
546051295592
678174275802
841474128472
837314957642
563462687662
274162329582
878719239412
111954428662
343622469792
548764838742
838382237802
223787917262
117652736032
612199287692
457324846622
640215471682
482088457612
901091334942
602892425412
234645583152
105422902602
844218172902
446519590122
933281889432
525647498182
824073453112
458884480162
117565394492
397329248872
306204390072
935540818492
403732772782
920136469762
648872725072
166994752332
534678998222
718606833282
340406477722
656020485852
359963993132
735294308782
854231005092
168564922382
564373141912
498863475302
477749219272
705987498552
871615046212
617380973732
904943379722
638699759132
906617931282
972789813122
973821715082
730318868312
648983574422
119569260722
526433341822
981967526102
313766472542
319941505962
145343404392
613087005162
868663610222
194662852642
866949498172
562025066322
994187514822
352012003242
715204580362
700079873842
973234860952
984721860462
622653067392
732039709762
675369264392
459666388272
828482832542
485035872362
973856259622
536443267422
626774701702
246019556822
682515924002
379059640372
959771480282
821241181982
786626230962
397077965022
698458448242
343854262972
820616637352
580667959662
263283787212
618806774382
911704748312
486177098192
150931372132
381533780952
588454984292
537490692182
409998789192
906459617952
100806429062
997048063782
159216670532
183246227052
393543866592
855798650542
209149398482
856197237032
901284819022
485949911212
367564728782
267705710982
147095506002
582788259952
190764741162
465195032252
549470754442
748538803162
210856858682
652355924902
680901723182
489815883462
911145286372
414605642702
528682519442
252201055422
101546273032
565781890672
692946534882
564620928522
577816031102
361642662682
308321996782
350972100392
592126701842
911878694752
243728737472
117552014672
737143309342
294499831962
821982507602
998964305932
545613458862
548384479022
956329482242
322650394722
246920078482
273915147242
649115905382
673072438032
636051589672
631282224092
808965082312
517773854472
238914660562
336463849382
652383168782
249963785672
961583525552
670133448362
711630393662
841729365452
254232660582
515028462332
643331820132
130240155672
585031042882
100501337122
139605770612
190337083472
656935821272
786788062502
476769930842
657318636162
907422073912
771747388982
240304205902
237556394632
315069482782
645959460602
267353865602
642599495702
549439295352
851233059252
591877850912
731223958982
636153640142
720838163582
641766309362
254713985972
429919906722
894906373272
498492656382
950782369142
104410828282
656768005102
996388664732
586418505892
314714686322
894604783452
453337347222
913851846102
407311233542
441086471042
393083709992
497070432702
769888286982
147609068932
733458982602
552372789542
506214098742
891022567282
599898169702
760736494592
173266739902
220949206932
440036092722
315602051092
879400193652
419211940102
540054268972
612218140782
834062464512
555946635642
917330086352
130887986952
130485696502
331076155702
588375421152
265349515052
404319181752
722441985722
765233007802
778492863792
780292545962
575153275482
785261202802
571000131042
172248483292
906902692222
589701420982
676554688032
774719343292
278096368502
935024400802
745851325502
980147002612
180019010692
340030987272
913145922722
946158174852
689065128162
796351859652
100871497382
836391637522
203388104162
825874137532
845846627382
490502010472
564109435872
325751043002
284676976542
783054286362
661510873982
815554964652
500236219982
268530486662
126973932592
417336975172
181169326532
517902209462
131241179082
656372126832
305848071342
766451516182
716708379452
330056316022
823369510542
348490009142
535750200862
282168090072
261867255612
454234093942
764600140952
360453721242
308365202042
411863777002
269277615772
188725193132
333930491732
385176499802
833702461042
875317134542
725108134312
465071297682
327125707162
599220366312
724068431322
119306512622
159490070792
963197601022
303157493442
585596204332
842093273712
931300085782
960199172532
300116994432
708794853922
885808208032
321248582572
415449832392
939305253172
193881086172
918718699122
257196709992
155725496292
996787938942
874734823002
114653518562
102670461172
281284181832
931567750592
533784079412
506167006502
455321282292
298628853562
324638944112
613923415662
298624781092
967881287912
892666281112
903417952022
617339574242
751595998742
522478640992
850563573662
191546307832
746415845632
509925576272
221492385512
552278526332
213566067672
288925916402
535051993452
191973536772
902875607072
967058964072
154974398832
436776480602
628229526872
252103191172
496240644342
131806403112
829204684482
175241190512
228736412642
235514261602
540656919172
638114587962
118882119702
940698888402
116971941662
389244722522
152738622682
307294747492
482036461392
470015473442
210471648092
297188111932
652519700782
112059213112
997339425032
147262959252
415638595412
433834467662
851448829972
869698554712
726899275752
430492733082
696125211152
399997835962
976422331172
658567813152
899385909562
929530389282
145720228962
504989485092
736366598172
923191450362
385423022832
347981916712
125580420312
336273618322
494910317982
399627374322
656564460552
529447881392
414524820402
748029302082
117418265362
826500970972
834020506962
830780978182
866189148382
503771853572
285158646352
228174014292
156664976632
753315087222
757825668472
470786015482
140028069602
300439309822
638828067072
532590624822
578781728672
597159483702
227768549432
753741348372
459686866562
813117397562
967487270032
548588301272
725028095902
900246377922
929874791492
347798966702
707379511232
414255024322
788683610822
930802827272
369028117202
939547211062
878010950422
640679871102
303815459692
359915260612
998405058692
600994154212
515064885102
463568643842
138717148322
242442577632
974590866442
555736496612
830269707822
817842415612
544617617832
683254147692
276249141622
142528428732
726204328712
282441119972
773929149992
473119443962
896575831662
948390999342
242908307442
873519941582
132771571742
357906164122
926829583982
496873642732
441191462682
677507458692
919829082242
623191497252
602936164372
547784692432
228897535852
139684881922
767899748442
261209981872
675919633392
908086228132
552946559372
722602560512
426140050552
356307470652
732312070012
344892043612
229139524962
229248162592
589959159782
508616813482
830580677292
210964217932
549452754422
532279333282
329253230912
952856338002
257335286972
871070182862
446537935002
547435907722
872784238472
201941463012
683794992512
230605893902
159704141142
660214401152
535669044002
987005697452
691247830812
691055626862
790311295852
610980239692
433193096542
241501400162
647395854752
986466312872
384916184412
902510186672
604955412292
817024653622
965988205242
334782433912
807702868942
534543791902
379730508642
423362577892
137836662492
630309413542
919632247852
262020578352
703888466602
233231746552
489404259192
473791227172
395862902632
185415642282
230621794022
490914959342
609927143692
734159840562
532669388782
747195474582
560725230552
776122323722
218233192522
369301301822
392232963362
656236340412
836823518722
372279554902
868989313472
120333990692
925446271622
109767991012
263174768912
398672233172
509070360242
803479131762
600505367852
391196378142
762813213402
504851625752
226608052182
214121209752
832995913152
482575627632
949687459632
484641467332
165373649422
112098720612
466167955092
450173618332
384321747512
149766505332
539444337482
352283811952
764746988372
350825168032
989770664212
399077523052
698266377272
655229377822
846605781662
295540904402
452939427452
128352107122
111565590142
470319754402
488938476812
218247358542
234208218992
975134897822
513083853102
964926666392
690251617752
933777145192
289483799132
214306659932
336192087772
222879420392
963944991452
783725017932
960495493782
187168709062
932850499602
950089651422
886451166062
546014800892
396779322902
889128844022
480033895072
268922452892
618461045572
460793597652
495769096992
349394434662
363593801192
203123960282
273418778012
138709098642
413105440172
197905853062
988735044682
801652615572
597117259482
552263829802
603000469192
321210860972
374597750342
738056276022
614116521182
453853257842
578964318262
921714705942
805792815892
196321414422
609642827902
889279641152
570352205772
160060774282
854530951532
399108163632
417142946742
955667898762
877087628892
725299675322
152789301952
225495748082
246522675162
106594065062
340703151132
532931331562
740385466512
734526206632
192764120732
171697100572
254789326652
171645654432
487296564462
161952439722
855330034922
947396585142
217023647712
326293471952
971340271832
321930202122
813431006172
385141712772
233205236582
952416214682
726059456372
707553730432
198141156692
127043108372
694481801522
735599229122
142281381752
498760763612
130502800032
131457918722
552205381802
757873372462
926210264182
906286200122
220130796732
920093232192
305805064294
712170836774
255222237294
681675134164
299494039754
972602674844
518974027154
875928245354
840849224194
354231280304
982652049424
134718597464
769336332424
902303014234
694894547954
964171196654
979295135134
992048005434
957684007564
214758795964
864904640044
791606787354
540108797844
834548733024
608652985174
752938878694
414336249504
693155833264
321978622744
945371033594
724583429874
950064302454
873986103714
191145294964
485195690094
321044231704
764534481314
829514002164
897189570264
975852845604
731051958374
584403425414
689403923744
581895714214
859614366794
879977523234
703002477304
653622999134
999322585584
963955528074
201549688314
839430942054
187802510454
361214427044
827260351784
392278049684
481416218644
464573185984
964630281344
123140026844
901925032694
320991288024
103946708094
797820106044
550749397174
961225835184
596461060424
752192415544
195815587914
730947490194
359211796384
637356312284
